1000 7.120000
2000 5.965000
3000 8.187000
4000 10.599000
5000 13.474000
6000 16.417000
7000 19.180000
8000 21.472000
9000 24.113000
10000 26.799000
11000 29.341000
12000 32.763000
13000 35.341000
14000 37.290000
15000 40.875000
16000 42.520000
17000 45.633000
18000 47.833000
19000 51.303000
20000 53.621000
21000 56.441000
22000 57.810000
23000 62.867000
24000 65.726000
25000 67.950000
26000 70.093000
27000 75.152000
28000 73.218000
29000 80.281000
30000 81.630000
31000 80.925000
32000 85.336000
33000 87.748000
34000 91.474000
35000 97.280000
36000 95.037000
37000 98.522000
38000 103.792000
39000 104.710000
40000 106.885000
41000 112.124000
42000 115.371000
43000 112.276000
44000 118.728000
45000 120.800000
46000 127.656000
47000 127.711000
48000 130.881000
49000 131.055000
50000 138.543000
51000 139.297000
52000 140.351000
53000 144.099000
54000 150.535000
55000 148.821000
56000 151.777000
57000 159.341000
58000 156.388000
59000 157.048000
60000 165.097000
61000 166.515000
62000 169.965000
63000 175.158000
64000 176.745000
65000 178.215000
66000 177.028000
67000 188.162000
68000 182.345000
69000 188.524000
70000 191.983000
71000 196.027000
72000 196.380000
73000 197.534000
74000 205.977000
75000 201.822000
76000 207.650000
77000 214.471000
78000 215.761000
79000 218.132000
80000 210.775000
81000 227.271000
82000 226.705000
83000 236.814000
84000 226.334000
85000 233.949000
86000 231.054000
87000 238.051000
88000 246.109000
89000 249.960000
90000 245.629000
91000 251.753000
92000 250.192000
93000 253.776000
94000 256.057000
95000 241.774000
96000 261.039000
97000 269.047000
98000 264.960000
99000 268.627000
100000 270.902000
