1000 0.137000
2000 0.136000
3000 0.134000
4000 0.140000
5000 0.133000
6000 0.136000
7000 0.137000
8000 0.138000
9000 0.141000
10000 0.140000
11000 0.138000
12000 0.138000
13000 0.138000
14000 0.133000
15000 0.141000
16000 0.141000
17000 0.135000
18000 0.046000
19000 0.041000
20000 0.047000
21000 0.042000
22000 0.042000
23000 0.044000
24000 0.044000
25000 0.044000
26000 0.041000
27000 0.047000
28000 0.040000
29000 0.043000
30000 0.048000
31000 0.045000
32000 0.045000
33000 0.047000
34000 0.046000
35000 0.038000
36000 0.044000
37000 0.041000
38000 0.040000
39000 0.044000
40000 0.042000
41000 0.044000
42000 0.044000
43000 0.042000
44000 0.079000
45000 0.045000
46000 0.042000
47000 0.045000
48000 0.043000
49000 0.044000
50000 0.047000
51000 0.041000
52000 0.042000
53000 0.043000
54000 0.046000
55000 0.045000
56000 0.039000
57000 0.044000
58000 0.044000
59000 0.044000
60000 0.044000
61000 0.044000
62000 0.046000
63000 0.042000
64000 0.046000
65000 0.046000
66000 0.045000
67000 0.044000
68000 0.048000
69000 0.062000
70000 0.044000
71000 0.041000
72000 0.055000
73000 0.045000
74000 0.045000
75000 0.044000
76000 0.045000
77000 0.050000
78000 0.060000
79000 0.048000
80000 0.042000
81000 0.041000
82000 0.062000
83000 0.050000
84000 0.044000
85000 0.047000
86000 0.041000
87000 0.045000
88000 0.041000
89000 0.044000
90000 0.042000
91000 0.044000
92000 0.046000
93000 0.047000
94000 0.047000
95000 0.041000
96000 0.036000
97000 0.041000
98000 0.044000
99000 0.043000
100000 0.041000
