________TB QuickSort_________
100           0.00021
200           0.00052
300           0.00058
400           0.00084
500           0.00111
600           0.00129
700           0.00161
800           0.00188
900           0.00204
1000          0.00223

___________TA Quick _______

100        0.00022
200        0.00048
300        0.00076
400        0.00110
500        0.00146
600        0.00172
700        0.00204
800        0.00240
900        0.00271
1000       0.00315
________tw____

100     0.00161
200     0.00578
300     0.01298
400     0.02373
500     0.03524
600     0.05132
700     0.06961
800     0.09237
900     0.11468
1000     0.14334
