1000 9.777000
2000 11.010000
3000 16.154000
4000 21.694000
5000 27.056000
6000 32.333000
7000 37.688000
8000 43.061000
9000 48.441000
10000 53.886000
11000 59.198000
12000 64.624000
13000 70.006000
14000 75.333000
15000 80.896000
16000 86.102000
17000 91.674000
18000 97.272000
19000 102.934000
20000 108.520000
21000 114.240000
22000 119.790000
23000 125.439000
24000 131.075000
25000 136.673000
26000 142.151000
27000 147.564000
28000 152.972000
29000 158.448000
30000 164.001000
31000 169.405000
32000 174.806000
33000 180.403000
34000 185.732000
35000 191.174000
36000 196.673000
37000 202.158000
38000 207.619000
39000 213.075000
40000 218.551000
41000 224.031000
42000 229.422000
43000 234.794000
44000 240.237000
45000 245.769000
46000 251.151000
47000 256.731000
48000 262.089000
49000 267.643000
50000 273.027000
51000 278.457000
52000 283.957000
53000 297.951000
54000 294.963000
55000 300.447000
56000 305.949000
57000 311.318000
58000 316.788000
59000 322.251000
60000 327.666000
61000 333.333000
62000 338.547000
63000 344.067000
64000 349.540000
65000 354.925000
66000 360.316000
67000 365.880000
68000 371.235000
69000 376.778000
70000 382.204000
71000 387.647000
72000 393.154000
73000 398.606000
74000 404.023000
75000 409.502000
76000 414.897000
77000 420.429000
78000 425.927000
79000 431.316000
80000 436.816000
81000 442.257000
82000 447.718000
83000 453.112000
84000 458.595000
85000 464.100000
86000 469.538000
87000 475.042000
88000 480.435000
89000 485.962000
90000 491.364000
91000 496.836000
92000 502.255000
93000 507.765000
94000 513.203000
95000 518.696000
96000 524.088000
97000 529.598000
98000 535.010000
99000 540.523000
100000 545.923000
